# first line = nb points de la spline apres l'interpolation
# a partir de la 2e ligne : position[0] position[1] position[2] yaw(float) debutRotation(0 ou 1) finRotation(0 ou 1) selfRotate(0 ou 1) debutSelfRotate(int) finSelfRotate(int) nbFrames(int)
5000
1388.32 0 -721.379 0 0 0 0 0 0 1
1388.32 50 -721.379 0 0 0 0 0 0 1
1388.32 0 -721.379 0 0 0 0 0 0 1
1388.32 50 -721.379 0 0 0 0 0 0 1
1388.32 0 -721.379 0 0 0 0 0 0 1
1388.32 50 -721.379 0 0 0 0 0 0 1
1388.32 0 -721.379 0 0 0 0 0 0 1
1388.32 50 -721.379 0 0 0 0 0 0 1
1388.32 0 -721.379 0 0 0 0 0 0 1
1388.32 50 -721.379 0 0 0 0 0 0 1
1388.32 0 -721.379 0 0 0 0 0 0 1
1388.32 50 -721.379 0 0 0 0 0 0 1
1388.32 0 -721.379 0 0 0 0 0 0 1
1388.32 50 -721.379 0 0 0 0 0 0 1
1388.32 0 -721.379 0 0 0 0 0 0 1
1388.32 50 -721.379 0 0 0 0 0 0 1
1388.32 0 -721.379 0 0 0 0 0 0 1
1388.32 50 -721.379 0 0 0 0 0 0 1
1388.32 0 -721.379 0 0 0 0 0 0 1
1388.32 50 -721.379 0 0 0 0 0 0 1