# first line = nb points de la spline apres l'interpolation
# a partir de la 2e ligne : position[0] position[1] position[2] yaw(float) debutRotation(0 ou 1) finRotation(0 ou 1) selfRotate(0 ou 1) debutSelfRotate(int) finSelfRotate(int) nbFrames(int)
5000
-1311.1884 20.0000 2511.3352 0 0 0 0 0 0 1
-1574.6418 20.0000 2135.1287 0 0 0 0 0 0 1
-1737.2091 20.0000 1819.0933 0 0 0 0 0 0 1
-1703.9878 20.0000 1469.9192 0 0 0 0 0 0 1
-1715.2837 20.0000 1233.3016 0 0 0 0 0 0 1
-1716.4950 20.0000 791.8348 0 0 0 0 0 0 1
-1512.5565 20.0000 451.5026 0 0 0 0 0 0 1
-1141.2794 20.0000 237.2272 0 0 0 0 0 0 1
-695.5760 20.0000 -29.1004 0 0 0 0 0 0 1
-513.2015 20.0000 -5.2377 0 0 0 0 0 0 1
-157.8507 20.0000 -167.4484 0 0 0 0 0 0 1
117.9671 20.0000 -479.6283 0 0 0 0 0 0 1
597.2177 20.0000 -672.9794 0 0 0 0 0 0 1
913.2731 20.0000 -1066.9861 0 0 0 0 0 0 1
1304.1204 20.0000 -1221.3785 0 0 0 0 0 0 1
1640.9203 20.0000 -1071.8511 0 0 0 0 0 0 1
1625.9172 20.0000 -656.6781 0 0 0 0 0 0 1
1097.0126 20.0000 -596.1467 0 0 0 0 0 0 1
757.2527 20.0000 -446.1991 0 0 0 0 0 0 1
771.5230 20.0000 -155.5073 0 0 0 0 0 0 1
935.6133 20.0000 177.2400 0 0 0 0 0 0 1
1327.1898 20.0000 175.0200 0 0 0 0 0 0 1

