# first line = nb points de la spline apres l'interpolation
# a partir de la 2e ligne : position[0] position[1] position[2] yaw(float) debutRotation(0 ou 1) finRotation(0 ou 1) selfRotate(0 ou 1) debutSelfRotate(int) finSelfRotate(int) nbFrames(int)
7000
-1730.1644 0.0000 1817.0317 0 0 0 0 0 0 1
-1741.7117 0.0000 1655.5299 0 0 0 0 0 0 1
-1764.7975 0.0000 1528.2688 0 0 0 0 0 0 1
-1764.7974 0.0000 1401.5781 0 0 0 0 0 0 1
-1776.3358 16.0540 1251.4899 0 0 0 0 0 0 1
-1753.2501 16.0540 1159.0400 0 0 0 0 0 0 1
-1741.7117 33.1289 1032.3494 0 0 0 0 0 0 1
-1672.4457 48.7090 858.8633 0 0 0 0 0 0 1
-1626.2743 48.7090 674.5343 0 0 0 0 0 0 1
-1510.8368 33.1289 535.8596 0 0 0 0 0 0 1
-1404.1759 16.0540 430.2061 0 0 0 0 0 0 1
-1300.4886 16.0540 349.8976 0 0 0 0 0 0 1
-1185.2767 0.0000 292.3718 0 0 0 0 0 0 1
-1058.5399 0.0000 246.2371 0 0 0 0 0 0 1
-966.3774 0.0000 188.7112 0 0 0 0 0 0 1
-874.2061 0.0000 142.5765 0 0 0 0 0 0 1
-793.5594 0.0000 107.8332 0 0 0 0 0 0 1
-643.7820 30.5654 107.8332 0 0 0 0 0 0 1
-459.4482 37.9481 85.0506 0 0 0 0 0 0 1
-367.2768 50.8455 27.5247 0 0 0 0 0 0 1
-217.4994 70.4650 -76.1358 0 0 0 0 0 0 1
-56.2061 65.8285 -168.4051 0 0 0 0 0 0 1
139.6525 58.4458 -203.1485 0 0 0 0 0 0 1
277.9140 27.8689 -203.1485 0 0 0 0 0 0 1
393.1171 0.0000 -237.8918 0 0 0 0 0 0 1
519.8539 0.0000 -318.2003 0 0 0 0 0 0 1
612.0253 0.0000 -399.0783 0 0 0 0 0 0 1
704.1967 0.0000 -387.1175 0 0 0 0 0 0 1
819.3998 0.0000 -329.5916 0 0 0 0 0 0 1
920.0083 19.3963 -256.5084 0 0 0 0 0 0 1
945.4779 43.0753 -167.2340 0 0 0 0 0 0 1
1021.0364 65.3985 -77.8723 0 0 0 0 0 0 1
1139.6075 85.1249 -6.2887 0 0 0 0 0 0 1
1221.3070 85.1249 -24.2142 0 0 0 0 0 0 1
1242.7659 65.3985 -110.0496 0 0 0 0 0 0 1
1213.5659 43.0753 -199.3955 0 0 0 0 0 0 1
1166.5305 19.3963 -263.6618 0 0 0 0 0 0 1
1127.2313 19.3963 -338.6393 0 0 0 0 0 0 1
1144.5405 0.0000 -434.9365 0 0 0 0 0 0 1
1218.9403 0.0000 -499.0253 0 0 0 0 0 0 1
1246.8912 0.0000 -570.1946 0 0 0 0 0 0 1
1207.6495 0.0000 -641.5352 0 0 0 0 0 0 1
1128.6169 0.0000 -691.1823 0 0 0 0 0 0 1
1018.0747 21.9774 -698.3217 0 0 0 0 0 0 1
968.1540 21.9774 -676.9034 0 0 0 0 0 0 1
882.5749 21.9774 -684.0428 0 0 0 0 0 0 1
779.1638 21.9774 -701.8473 0 0 0 0 0 0 1
697.1516 0.0000 -691.1823 0 0 0 0 0 0 1
604.7294 0.0000 -623.7221 0 0 0 0 0 0 1
544.3428 0.0000 -548.9616 0 0 0 0 0 0 1
483.8973 0.0000 -431.4057 0 0 0 0 0 0 1
569.8760 0.0000 -310.1143 0 0 0 0 0 0 1
702.0691 0.0000 -317.2676 0 0 0 0 0 0 1
762.4377 0.0000 -392.1257 0 0 0 0 0 0 1
813.2341 0.0000 -445.6171 0 0 0 0 0 0 1
841.3941 0.6000 -459.7645 0 0 0 0 0 0 1