# first line = nb points de la spline apres l'interpolation
# a partir de la 2e ligne : position[0] position[1] position[2] yaw(float) debutRotation(0 ou 1) finRotation(0 ou 1) selfRotate(0 ou 1) debutSelfRotate(int) finSelfRotate(int) nbFrames(int)
5000
-1524.8162 0.0000 2665.4631 0 0 0 0 0 0 1
-1519.3557 0.0000 2525.5383 0 0 0 0 0 0 1
-1367.8275 0.0000 2424.5195 0 0 0 0 0 0 1
-1362.3671 0.0000 2245.6892 0 0 0 0 0 0 1
-1547.3406 0.0000 2184.2588 0 0 0 0 0 0 1
-1698.1862 0.0000 2038.8735 0 0 0 0 0 0 1
-1771.2201 0.0000 1820.4546 0 0 0 0 0 0 1
-1894.0807 0.0000 1624.5601 0 0 0 0 0 0 1
-1804.6654 0.0000 1412.2842 0 0 0 0 0 0 1
-1782.1410 0.0000 1204.7863 0 0 0 0 0 0 1
-1815.5864 0.0000 1020.4952 0 0 0 0 0 0 1
-1720.7107 0.0000 785.6948 0 0 0 0 0 0 1
-1670.2013 0.0000 600.7213 0 0 0 0 0 0 1
-1496.8312 0.0000 455.3361 0 0 0 0 0 0 1
-1412.8763 0.0000 315.4115 0 0 0 0 0 0 1
-1290.0157 20.8600 180.9473 0 0 0 0 0 0 1
-1110.5027 32.2798 96.9925 0 0 0 0 0 0 1
-859.3208 32.2798 69.0076 0 0 0 0 0 0 1
-640.9019 40.4924 -3.3437 0 0 0 0 0 0 1
-472.9923 40.4924 -70.2346 0 0 0 0 0 0 1
-226.5884 20.8600 -137.8079 0 0 0 0 0 0 1
-30.6940 20.8600 -193.7777 0 0 0 0 0 0 1
198.6460 20.8600 -165.7928 0 0 0 0 0 0 1
372.0160 20.8600 -42.2495 0 0 0 0 0 0 1
584.2920 0.0000 -25.8682 0 0 0 0 0 0 1
657.3259 0.0000 -132.3475 0 0 0 0 0 0 1
567.9105 0.0000 -244.2872 0 0 0 0 0 0 1
602.8468 0.0000 -461.6722 0 0 0 0 0 0 1
770.7181 0.0000 -420.7345 0 0 0 0 0 0 1
872.4697 12.5016 -296.6711 0 0 0 0 0 0 1
1026.5902 12.5016 -350.0838 0 0 0 0 0 0 1
1149.4509 12.5016 -445.6422 0 0 0 0 0 0 1
1233.4058 0.0000 -573.9633 0 0 0 0 0 0 1
1305.7570 0.0000 -685.9030 0 0 0 0 0 0 1
1311.9003 0.0000 -848.3520 0 0 0 0 0 0 1
1177.4360 0.0000 -943.2280 0 0 0 0 0 0 1
1004.0660 29.5059 -982.1337 0 0 0 0 0 0 1
813.6320 67.6187 -960.2917 0 0 0 0 0 0 1
701.6923 110.0724 -836.7486 0 0 0 0 0 0 1
561.7675 129.1179 -786.9218 0 0 0 0 0 0 1
427.9859 152.6249 -674.9820 0 0 0 0 0 0 1
416.3824 178.9729 -517.9934 0 0 0 0 0 0 1
