# first line = nb points de la spline apres l'interpolation
# a partir de la 2e ligne : position[0] position[1] position[2] yaw(float) debutRotation(0 ou 1) finRotation(0 ou 1) selfRotate(0 ou 1) debutSelfRotate(int) finSelfRotate(int) nbFrames(int)
5000
-1639.1147 0.0000 524.4412 0 0 0 0 0 0 1
-1143.8794 0.0000 168.0988 0 0 0 0 0 0 1
-523.5383 0.0000 -90.6477 0 0 0 0 0 0 1
236.1094 0.0000 -299.1094 0 0 0 0 0 0 1
624.3530 0.0000 -316.8407 0 0 0 0 0 0 1
737.9518 0.0000 -17.9198 0 0 0 0 0 0 1
1114.7010 0.0000 17.8292 0 0 0 0 0 0 1
1459.0549 0.0000 -203.2067 0 0 0 0 0 0 1
1307.0916 0.0000 -447.7262 0 0 0 0 0 0 1
1084.5557 0.0000 -635.5017 0 0 0 0 0 0 1
863.7541 0.0000 -1022.6510 0 0 0 0 0 0 1
492.3413 0.0000 -782.8823 0 0 0 0 0 0 1
666.9215 0.0000 -653.1638 0 0 0 0 0 0 1
